	HIV status for couples living in the same household both of whom had HIV test in				
	Both HIV negative	Man HIV positive, woman HIV negative	Woman HIV positive, man HIV negative	Both HIV positive	Total
	%	%	%	%	%
age in 5-year groups					
15-19	98.1	1.7	0.3	0.0	100.0
20-24	97.7	1.3	0.9	0.0	100.0
25-29	96.4	1.9	1.4	0.3	100.0
30-34	95.4	2.6	1.7	0.3	100.0
35-39	97.1	0.9	1.5	0.6	100.0
40-44	99.4	0.0	0.6	0.0	100.0
45-49	96.5	1.3	2.2	0.0	100.0
Total	97.0	1.5	1.3	0.2	100.0

age in 5-year groups					
15-19	100.0	0.0	0.0	0.0	100.0
20-24	96.2	0.0	3.8	0.0	100.0
25-29	97.1	2.9	0.0	0.0	100.0
30-34	98.0	0.6	1.0	0.4	100.0
35-39	96.1	2.5	1.1	0.3	100.0
40-44	95.9	2.2	1.6	0.2	100.0
45-49	97.3	1.7	0.7	0.2	100.0
50-54	97.5	0.9	1.6	0.0	100.0
55-59	97.4	0.0	2.4	0.2	100.0
Total	97.0	1.5	1.3	0.2	100.0

type of place of residence					
urban	95.0	2.4	2.1	0.5	100.0
rural	97.7	1.2	1.0	0.1	100.0
Total	97.0	1.5	1.3	0.2	100.0

region					
boké	94.4	2.3	2.3	1.0	100.0
conakry	96.5	2.7	0.8	0.0	100.0
faranah	98.2	0.4	1.4	0.0	100.0
kankan	98.2	0.3	1.2	0.2	100.0
kindia	96.3	2.4	1.0	0.4	100.0
labé	99.4	0.3	0.3	0.0	100.0
mamou	97.7	0.4	1.8	0.0	100.0
n'zérékoré	96.1	2.6	1.3	0.0	100.0
Total	97.0	1.5	1.3	0.2	100.0

highest educational level					
no education	97.6	1.0	1.2	0.2	100.0
primary	94.2	2.8	2.5	0.5	100.0
secondary	94.5	4.2	1.2	0.0	100.0
higher	95.9	2.4	0.0	1.7	100.0
Total	97.0	1.5	1.3	0.2	100.0

educational level					
no education	98.1	0.9	0.9	0.1	100.0
primary	95.9	3.2	0.9	0.0	100.0
secondary	94.5	2.2	2.8	0.5	100.0
higher	93.0	3.9	2.1	1.0	100.0
Total	97.0	1.5	1.3	0.2	100.0

wealth index combined					
poorest	99.0	0.6	0.3	0.1	100.0
poorer	97.7	1.1	1.1	0.1	100.0
middle	96.7	1.9	1.4	0.0	100.0
richer	95.1	1.9	2.5	0.6	100.0
richest	95.3	2.7	1.6	0.4	100.0
Total	97.0	1.5	1.3	0.2	100.0

