	Live births by place of delivery			
	Health facility	Home	Other	Total
	%	%	%	%
type of place of residence				
urban	97.9	1.0	1.1	100.0
rural	99.4	0.2	0.4	100.0
Total	98.1	0.9	1.0	100.0

highest educational level				
no education	90.1	9.8	0.1	100.0
primary	91.9	5.2	2.8	100.0
secondary	98.7	0.7	0.6	100.0
higher	98.6	0.1	1.3	100.0
Total	98.1	0.9	1.0	100.0

region				
amman	97.3	1.1	1.7	100.0
balqa	98.8	1.1	0.2	100.0
zarqua	98.8	0.4	0.8	100.0
madaba	96.8	2.3	0.9	100.0
irbid	98.2	1.1	0.7	100.0
mafraq	97.6	1.2	1.2	100.0
jerash	99.2	0.7	0.1	100.0
aljoun	99.6	0.1	0.3	100.0
karak	99.3	0.2	0.5	100.0
tafilh	99.8	0.1	0.1	100.0
maan	99.4	0.5	0.1	100.0
aquaba	99.4	0.5	0.1	100.0
Total	98.1	0.9	1.0	100.0

wealth index combined				
poorest	96.0	2.5	1.5	100.0
poorer	99.0	0.6	0.4	100.0
middle	99.2	0.5	0.3	100.0
richer	99.1	0.1	0.8	100.0
richest	97.0	0.1	2.9	100.0
Total	98.1	0.9	1.0	100.0

	Live births by type of health facility				
	Health facility - public	Health facility - private	Home	Other	Total
	%	%	%	%	%
type of place of residence					
urban	62.0	35.9	1.0	1.1	100.0
rural	84.9	14.5	0.2	0.4	100.0
Total	64.6	33.4	0.9	1.0	100.0

highest educational level					
no education	64.3	25.8	9.8	0.1	100.0
primary	64.1	27.8	5.2	2.8	100.0
secondary	69.8	28.9	0.7	0.6	100.0
higher	57.7	40.9	0.1	1.3	100.0
Total	64.6	33.4	0.9	1.0	100.0

region					
amman	48.8	48.5	1.1	1.7	100.0
balqa	79.0	19.8	1.1	0.2	100.0
zarqua	67.2	31.6	0.4	0.8	100.0
madaba	81.9	14.9	2.3	0.9	100.0
irbid	69.3	28.9	1.1	0.7	100.0
mafraq	66.8	30.7	1.2	1.2	100.0
jerash	84.1	15.1	0.7	0.1	100.0
aljoun	88.2	11.3	0.1	0.3	100.0
karak	86.9	12.4	0.2	0.5	100.0
tafilh	91.0	8.7	0.1	0.1	100.0
maan	91.9	7.5	0.5	0.1	100.0
aquaba	74.5	24.9	0.5	0.1	100.0
Total	64.6	33.4	0.9	1.0	100.0

wealth index combined					
poorest	71.2	24.8	2.5	1.5	100.0
poorer	78.1	20.9	0.6	0.4	100.0
middle	68.7	30.5	0.5	0.3	100.0
richer	47.8	51.3	0.1	0.8	100.0
richest	36.3	60.7	0.1	2.9	100.0
Total	64.6	33.4	0.9	1.0	100.0

	Person providing assistance during delivery				
	%	%	%	%	%
type of place of residence					
urban	0.2	90.0	9.7	0.1	100.0
rural	0.0	82.5	17.4	0.1	100.0
Total	0.2	89.1	10.6	0.1	100.0

highest educational level					
no education	3.8	82.1	13.8	0.3	100.0
primary	0.5	83.8	15.5	0.2	100.0
secondary	0.1	87.5	12.3	0.1	100.0
higher	0.0	92.7	7.2	0.1	100.0
Total	0.2	89.1	10.6	0.1	100.0

region					
amman	0.2	94.7	5.0	0.1	100.0
balqa	0.4	95.1	4.4	0.0	100.0
zarqua	0.0	92.3	7.7	0.0	100.0
madaba	0.4	77.3	22.0	0.4	100.0
irbid	0.1	86.5	13.2	0.2	100.0
mafraq	0.4	75.1	24.2	0.3	100.0
jerash	0.0	78.8	21.0	0.2	100.0
aljoun	0.1	78.0	21.9	0.0	100.0
karak	0.0	86.9	13.1	0.0	100.0
tafilh	0.0	93.1	6.6	0.2	100.0
maan	0.2	83.7	16.1	0.0	100.0
aquaba	0.1	87.3	12.5	0.1	100.0
Total	0.2	89.1	10.6	0.1	100.0

wealth index combined					
poorest	0.3	83.2	16.3	0.2	100.0
poorer	0.2	86.9	12.7	0.1	100.0
middle	0.0	91.2	8.6	0.2	100.0
richer	0.0	94.8	5.1	0.0	100.0
richest	0.1	95.6	4.3	0.0	100.0
Total	0.2	89.1	10.6	0.1	100.0

	Person providing assistance during delivery				
	%	%	%	%	%
type of place of residence					
urban	0.2	90.0	9.7	0.1	100.0
rural	0.0	82.5	17.4	0.1	100.0
Total	0.2	89.1	10.6	0.1	100.0

highest educational level					
no education	3.8	82.1	13.8	0.3	100.0
primary	0.5	83.8	15.5	0.2	100.0
secondary	0.1	87.5	12.3	0.1	100.0
higher	0.0	92.7	7.2	0.1	100.0
Total	0.2	89.1	10.6	0.1	100.0

region					
amman	0.2	94.7	5.0	0.1	100.0
balqa	0.4	95.1	4.4	0.0	100.0
zarqua	0.0	92.3	7.7	0.0	100.0
madaba	0.4	77.3	22.0	0.4	100.0
irbid	0.1	86.5	13.2	0.2	100.0
mafraq	0.4	75.1	24.2	0.3	100.0
jerash	0.0	78.8	21.0	0.2	100.0
aljoun	0.1	78.0	21.9	0.0	100.0
karak	0.0	86.9	13.1	0.0	100.0
tafilh	0.0	93.1	6.6	0.2	100.0
maan	0.2	83.7	16.1	0.0	100.0
aquaba	0.1	87.3	12.5	0.1	100.0
Total	0.2	89.1	10.6	0.1	100.0

wealth index combined					
poorest	0.3	83.2	16.3	0.2	100.0
poorer	0.2	86.9	12.7	0.1	100.0
middle	0.0	91.2	8.6	0.2	100.0
richer	0.0	94.8	5.1	0.0	100.0
richest	0.1	95.6	4.3	0.0	100.0
Total	0.2	89.1	10.6	0.1	100.0

	Live births delivered by Caesarean		
	No	Yes	Total
	%	%	%
type of place of residence			
urban	74.4	25.6	100.0
rural	72.8	27.2	100.0
Total	74.2	25.8	100.0

highest educational level			
no education	73.0	27.0	100.0
primary	77.6	22.4	100.0
secondary	75.6	24.4	100.0
higher	71.6	28.4	100.0
Total	74.2	25.8	100.0

region			
amman	74.1	25.9	100.0
balqa	71.7	28.3	100.0
zarqua	75.1	24.9	100.0
madaba	67.1	32.9	100.0
irbid	72.8	27.2	100.0
mafraq	74.6	25.4	100.0
jerash	74.1	25.9	100.0
aljoun	72.2	27.8	100.0
karak	76.8	23.2	100.0
tafilh	72.0	28.0	100.0
maan	81.3	18.7	100.0
aquaba	87.2	12.8	100.0
Total	74.2	25.8	100.0

wealth index combined			
poorest	76.2	23.8	100.0
poorer	73.6	26.4	100.0
middle	74.9	25.1	100.0
richer	71.7	28.3	100.0
richest	73.1	26.9	100.0
Total	74.2	25.8	100.0

	Timing of decision to have Caesarean			
	Vaginal Birth	before labor started	after labor started	Total
	%	%	%	%
type of place of residence				
urban	74.4	19.5	6.1	100.0
rural	72.8	20.0	7.2	100.0
Total	74.2	19.6	6.2	100.0

highest educational level				
no education	73.0	20.4	6.6	100.0
primary	77.6	17.9	4.5	100.0
secondary	75.6	18.6	5.7	100.0
higher	71.6	21.2	7.2	100.0
Total	74.2	19.6	6.2	100.0

region				
amman	74.1	19.6	6.3	100.0
balqa	71.7	23.3	5.0	100.0
zarqua	75.1	21.2	3.7	100.0
madaba	67.1	26.3	6.5	100.0
irbid	72.8	20.0	7.1	100.0
mafraq	74.6	16.1	9.3	100.0
jerash	74.1	18.1	7.8	100.0
aljoun	72.2	21.2	6.6	100.0
karak	76.8	18.2	4.9	100.0
tafilh	72.0	20.9	7.1	100.0
maan	81.3	14.3	4.4	100.0
aquaba	87.2	9.3	3.5	100.0
Total	74.2	19.6	6.2	100.0

wealth index combined				
poorest	76.2	17.5	6.3	100.0
poorer	73.6	19.6	6.8	100.0
middle	74.9	18.4	6.7	100.0
richer	71.7	23.2	5.2	100.0
richest	73.1	21.3	5.6	100.0
Total	74.2	19.6	6.2	100.0

Duration of stay following recent birth	%
<6 hours	15.8
6-11 hours	4.2
12-23 hours	1.4
1-2 days	71.6
3+ days	4.4
Don't know/Missing	2.5
Total	100.0

Duration of stay following recent birth	%
<6 hours	6.3
6-11 hours	0.5
12-23 hours	0.3
1-2 days	57.4
3+ days	35.2
Don't know/Missing	0.3
Total	100.0

