	Person providing assistance during ANC			
	Doctor	Nurse/midwife	No ANC	Total
	%	%	%	%
type of place of residence				
urban	94.9	2.6	2.5	100.0
rural	95.5	2.5	2.0	100.0
Total	95.0	2.6	2.4	100.0

highest educational level				
no education	80.2	11.4	8.5	100.0
primary	91.6	3.3	5.1	100.0
secondary	94.8	2.8	2.4	100.0
higher	96.3	1.9	1.9	100.0
Total	95.0	2.6	2.4	100.0

region				
amman	95.1	2.0	2.9	100.0
balqa	89.0	4.7	6.3	100.0
zarqua	95.2	2.4	2.4	100.0
madaba	92.4	4.7	3.0	100.0
irbid	97.6	1.8	0.7	100.0
mafraq	93.9	3.3	2.8	100.0
jerash	93.4	4.6	2.0	100.0
aljoun	96.0	1.8	2.3	100.0
karak	96.8	1.6	1.7	100.0
tafilh	95.8	2.9	1.3	100.0
maan	87.8	6.9	5.3	100.0
aquaba	92.3	6.3	1.5	100.0
Total	95.0	2.6	2.4	100.0

wealth index combined				
poorest	92.5	3.9	3.6	100.0
poorer	94.2	3.4	2.4	100.0
middle	96.7	2.0	1.3	100.0
richer	97.2	1.1	1.7	100.0
richest	94.8	1.6	3.5	100.0
Total	95.0	2.6	2.4	100.0

	Skilled assistance during ANC		
	Unskilled/no one	Skilled provider	Total
	%	%	%
type of place of residence			
urban	2.5	97.5	100.0
rural	2.0	98.0	100.0
Total	2.4	97.6	100.0

highest educational level			
no education	8.5	91.5	100.0
primary	5.1	94.9	100.0
secondary	2.4	97.6	100.0
higher	1.9	98.1	100.0
Total	2.4	97.6	100.0

region			
amman	2.9	97.1	100.0
balqa	6.3	93.7	100.0
zarqua	2.4	97.6	100.0
madaba	3.0	97.0	100.0
irbid	0.7	99.3	100.0
mafraq	2.8	97.2	100.0
jerash	2.0	98.0	100.0
aljoun	2.3	97.7	100.0
karak	1.7	98.3	100.0
tafilh	1.3	98.7	100.0
maan	5.3	94.7	100.0
aquaba	1.5	98.5	100.0
Total	2.4	97.6	100.0

wealth index combined			
poorest	3.6	96.4	100.0
poorer	2.4	97.6	100.0
middle	1.3	98.7	100.0
richer	1.7	98.3	100.0
richest	3.5	96.5	100.0
Total	2.4	97.6	100.0

	Number of ANC visits					
	none		2-3	4+	don't know/missing	Total
	%	%	%	%	%	%
type of place of residence						
urban	2.5	1.9	3.7	91.5	0.5	100.0
rural	2.0	1.4	3.8	91.9	0.9	100.0
Total	2.4	1.8	3.7	91.5	0.5	100.0

highest educational level						
no education	8.5	2.3	10.2	74.0	5.0	100.0
primary	5.1	1.8	7.0	85.7	0.3	100.0
secondary	2.4	1.8	4.0	91.2	0.6	100.0
higher	1.9	1.9	2.4	93.6	0.3	100.0
Total	2.4	1.8	3.7	91.5	0.5	100.0

region						
amman	2.9	1.4	4.1	91.1	0.6	100.0
balqa	6.3	4.2	2.6	85.1	1.8	100.0
zarqua	2.4	1.0	3.2	93.2	0.2	100.0
madaba	3.0	0.2	3.7	90.5	2.6	100.0
irbid	0.7	2.6	2.9	93.8	0.0	100.0
mafraq	2.8	2.2	7.0	87.6	0.3	100.0
jerash	2.0	2.5	3.8	91.7	0.0	100.0
aljoun	2.3	4.2	2.5	91.0	0.0	100.0
karak	1.7	1.4	3.1	91.8	2.1	100.0
tafilh	1.3	0.9	1.5	95.5	0.7	100.0
maan	5.3	2.1	3.5	88.5	0.6	100.0
aquaba	1.5	0.5	2.3	95.8	0.0	100.0
Total	2.4	1.8	3.7	91.5	0.5	100.0

wealth index combined						
poorest	3.6	2.7	5.4	88.0	0.3	100.0
poorer	2.4	1.6	4.6	90.4	1.0	100.0
middle	1.3	1.6	3.4	93.3	0.4	100.0
richer	1.7	1.8	1.9	94.0	0.6	100.0
richest	3.5	0.8	1.6	94.0	0.1	100.0
Total	2.4	1.8	3.7	91.5	0.5	100.0

	Number of months pregnant at time of first ANC visit						
	no anc	<4	4-5	6-7	8+	don't know/missing	Total
	%	%	%	%	%	%	%
type of place of residence							
urban	2.5	84.1	3.0	0.9	9.3	0.2	100.0
rural	2.0	90.0	2.6	1.5	3.7	0.3	100.0
Total	2.4	84.8	2.9	1.0	8.7	0.2	100.0

highest educational level							
no education	8.5	71.4	7.7	2.0	5.9	4.6	100.0
primary	5.1	81.8	6.2	1.2	5.7	0.0	100.0
secondary	2.4	83.4	3.4	1.2	9.6	0.1	100.0
higher	1.9	87.7	1.6	0.7	8.0	0.2	100.0
Total	2.4	84.8	2.9	1.0	8.7	0.2	100.0

region							
amman	2.9	78.2	2.0	0.3	16.3	0.3	100.0
balqa	6.3	82.1	4.3	1.4	5.5	0.4	100.0
zarqua	2.4	87.8	2.5	2.0	5.4	0.0	100.0
madaba	3.0	73.2	2.0	0.1	20.8	0.9	100.0
irbid	0.7	91.9	3.4	1.0	3.1	0.0	100.0
mafraq	2.8	88.9	5.0	2.1	1.2	0.0	100.0
jerash	2.0	91.2	5.7	0.4	0.7	0.0	100.0
aljoun	2.3	93.8	2.2	0.8	0.9	0.0	100.0
karak	1.7	90.9	2.6	1.4	3.2	0.2	100.0
tafilh	1.3	90.5	4.1	1.9	2.0	0.2	100.0
maan	5.3	83.4	5.4	2.5	3.0	0.3	100.0
aquaba	1.5	91.4	3.3	1.1	2.8	0.0	100.0
Total	2.4	84.8	2.9	1.0	8.7	0.2	100.0

wealth index combined							
poorest	3.6	84.2	5.2	1.3	5.7	0.1	100.0
poorer	2.4	85.2	3.2	1.2	7.6	0.4	100.0
middle	1.3	85.4	1.9	1.2	10.3	0.0	100.0
richer	1.7	85.3	1.7	0.3	10.7	0.4	100.0
richest	3.5	83.5	1.6	0.7	10.6	0.0	100.0
Total	2.4	84.8	2.9	1.0	8.7	0.2	100.0

	%
Total- Median months pregnant at first visit	
1.96	100.0
Total	100.0

Urban- Median months pregnant at first visit	
1.96	100.0
Total	100.0

Rural- Median months pregnant at first visit	
1.99	100.0
Total	100.0

