	Timing after delivery for mother's PNC check							
	No check or past 41 days	less than 4 hours	4 to 23 hours	1-2 days	3-6 days	7-41 days	Don't know or missing	Total
	%	%	%	%	%	%	%	%
type of place of residence								
urban	12.3	61.0	9.0	13.3	0.4	3.4	0.6	100.0
rural	13.5	60.4	13.2	10.5	0.2	0.6	1.6	100.0
Total	12.4	60.9	9.5	13.0	0.4	3.1	0.7	100.0

highest educational level								
no education	29.3	40.2	13.0	14.4	0.3	1.2	1.4	100.0
primary	18.2	62.0	5.7	11.5	0.0	1.5	1.0	100.0
secondary	13.6	59.4	10.1	12.4	0.4	3.3	0.7	100.0
higher	9.4	63.5	9.3	13.8	0.4	3.1	0.5	100.0
Total	12.4	60.9	9.5	13.0	0.4	3.1	0.7	100.0

region								
amman	9.6	61.0	7.5	16.4	0.0	5.3	0.3	100.0
balqa	7.9	83.3	2.3	4.1	1.6	0.4	0.5	100.0
zarqua	10.4	58.3	13.5	15.2	0.6	2.0	0.1	100.0
madaba	18.9	64.0	5.4	8.9	0.3	2.1	0.3	100.0
irbid	12.1	59.0	11.8	12.6	0.6	3.0	1.0	100.0
mafraq	25.5	55.5	9.7	7.2	0.1	1.2	0.9	100.0
jerash	13.5	68.8	9.5	6.0	0.3	1.6	0.3	100.0
aljoun	12.1	63.0	11.2	10.8	0.3	2.0	0.6	100.0
karak	13.6	50.6	9.4	20.4	0.0	1.2	4.9	100.0
tafilh	17.3	44.6	15.9	16.7	1.3	2.9	1.4	100.0
maan	16.7	66.3	8.7	6.0	0.8	0.8	0.8	100.0
aquaba	13.4	67.4	10.1	6.0	0.8	0.8	1.5	100.0
Total	12.4	60.9	9.5	13.0	0.4	3.1	0.7	100.0

wealth index combined								
poorest	17.9	59.1	9.3	10.7	0.4	1.7	0.8	100.0
poorer	12.8	59.5	9.9	13.3	0.2	3.2	1.1	100.0
middle	9.2	60.2	10.7	13.4	0.8	5.3	0.4	100.0
richer	9.8	60.7	10.4	16.8	0.0	1.6	0.7	100.0
richest	9.2	71.5	4.8	10.4	0.1	3.7	0.2	100.0
Total	12.4	60.9	9.5	13.0	0.4	3.1	0.7	100.0

	PNC check within two days for mother		
	Not in 2 days	Within 2 days	Total
	%	%	%
type of place of residence			
urban	16.7	83.3	100.0
rural	15.9	84.1	100.0
Total	16.6	83.4	100.0

highest educational level			
no education	32.4	67.6	100.0
primary	20.7	79.3	100.0
secondary	18.1	81.9	100.0
higher	13.4	86.6	100.0
Total	16.6	83.4	100.0

region			
amman	15.1	84.9	100.0
balqa	10.4	89.6	100.0
zarqua	13.1	86.9	100.0
madaba	21.7	78.3	100.0
irbid	16.7	83.3	100.0
mafraq	27.7	72.3	100.0
jerash	15.7	84.3	100.0
aljoun	15.0	85.0	100.0
karak	19.7	80.3	100.0
tafilh	22.9	77.1	100.0
maan	19.0	81.0	100.0
aquaba	16.5	83.5	100.0
Total	16.6	83.4	100.0

wealth index combined			
poorest	20.8	79.2	100.0
poorer	17.3	82.7	100.0
middle	15.7	84.3	100.0
richer	12.1	87.9	100.0
richest	13.2	86.8	100.0
Total	16.6	83.4	100.0

	Provider for mother's PNC check			
	No check	Doctor	Nurse/Midwife	Total
	%	%	%	%
type of place of residence				
urban	16.7	73.8	9.5	100.0
rural	15.9	72.9	11.2	100.0
Total	16.6	73.7	9.7	100.0

highest educational level				
no education	32.4	60.9	6.7	100.0
primary	20.7	67.7	11.6	100.0
secondary	18.1	71.6	10.3	100.0
higher	13.4	77.9	8.8	100.0
Total	16.6	73.7	9.7	100.0

region				
amman	15.1	76.4	8.4	100.0
balqa	10.4	82.5	7.1	100.0
zarqua	13.1	81.9	5.0	100.0
madaba	21.7	65.5	12.7	100.0
irbid	16.7	71.6	11.7	100.0
mafraq	27.7	58.1	14.2	100.0
jerash	15.7	72.8	11.6	100.0
aljoun	15.0	72.2	12.8	100.0
karak	19.7	78.0	2.3	100.0
tafilh	22.9	63.5	13.6	100.0
maan	19.0	65.4	15.6	100.0
aquaba	16.5	64.3	19.2	100.0
Total	16.6	73.7	9.7	100.0

wealth index combined				
poorest	20.8	67.1	12.0	100.0
poorer	17.3	71.3	11.5	100.0
middle	15.7	75.4	8.9	100.0
richer	12.1	78.8	9.2	100.0
richest	13.2	85.4	1.4	100.0
Total	16.6	73.7	9.7	100.0

	Timing after delivery for mother's PNC check							
	No check or past 7 days	less than 1 hour	1-3 hours	4 to 23 hours	1-2 days	3-6 days new	Don't know or missing	Total
	%	%	%	%	%	%	%	%
type of place of residence								
urban	13.0	16.1	54.4	5.2	10.2	0.3	0.7	100.0
rural	13.6	10.7	59.3	7.1	8.1	0.3	1.0	100.0
Total	13.1	15.5	55.0	5.4	10.0	0.3	0.7	100.0

highest educational level								
no education	30.0	15.2	37.8	1.6	14.2	0.0	1.2	100.0
primary	19.7	16.1	51.0	1.8	10.2	0.1	1.2	100.0
secondary	13.4	12.7	56.5	6.0	10.5	0.2	0.7	100.0
higher	11.2	19.0	54.3	5.4	9.0	0.4	0.7	100.0
Total	13.1	15.5	55.0	5.4	10.0	0.3	0.7	100.0

region								
amman	13.0	29.4	41.9	3.1	11.9	0.0	0.7	100.0
balqa	9.0	26.0	60.2	2.6	1.8	0.4	0.0	100.0
zarqua	9.7	11.9	55.7	6.2	16.2	0.5	0.0	100.0
madaba	23.6	13.7	49.4	3.7	6.9	0.8	1.9	100.0
irbid	8.8	5.7	69.3	8.1	7.1	0.3	0.8	100.0
mafraq	23.4	2.1	59.1	7.2	7.0	0.3	0.9	100.0
jerash	11.7	4.4	75.2	3.0	5.1	0.6	0.0	100.0
aljoun	10.6	6.2	70.0	4.0	8.6	0.0	0.6	100.0
karak	19.6	2.9	46.2	13.7	14.0	0.6	2.8	100.0
tafilh	11.6	8.4	53.3	9.1	15.5	0.8	1.1	100.0
maan	20.8	3.5	62.6	5.0	7.4	0.0	0.8	100.0
aquaba	21.3	12.4	54.0	4.1	5.1	1.3	1.9	100.0
Total	13.1	15.5	55.0	5.4	10.0	0.3	0.7	100.0

wealth index combined								
poorest	17.5	14.0	53.9	5.6	8.0	0.2	0.9	100.0
poorer	11.6	14.9	56.6	6.4	9.4	0.1	0.9	100.0
middle	10.5	12.2	57.9	6.5	12.2	0.7	0.1	100.0
richer	12.6	15.9	53.8	3.9	12.1	0.2	1.4	100.0
richest	12.2	28.3	49.2	2.7	7.4	0.1	0.1	100.0
Total	13.1	15.5	55.0	5.4	10.0	0.3	0.7	100.0

	PNC check within two days for newborn		
	No Visit within 2 days	visit within 2 days	Total
	%	%	%
type of place of residence			
urban	14.0	86.0	100.0
rural	14.9	85.1	100.0
Total	14.1	85.9	100.0

highest educational level			
no education	31.2	68.8	100.0
primary	20.9	79.1	100.0
secondary	14.2	85.8	100.0
higher	12.3	87.7	100.0
Total	14.1	85.9	100.0

region			
amman	13.7	86.3	100.0
balqa	9.4	90.6	100.0
zarqua	10.1	89.9	100.0
madaba	26.3	73.7	100.0
irbid	9.9	90.1	100.0
mafraq	24.6	75.4	100.0
jerash	12.3	87.7	100.0
aljoun	11.2	88.8	100.0
karak	23.1	76.9	100.0
tafilh	13.6	86.4	100.0
maan	21.5	78.5	100.0
aquaba	24.5	75.5	100.0
Total	14.1	85.9	100.0

wealth index combined			
poorest	18.6	81.4	100.0
poorer	12.7	87.3	100.0
middle	11.3	88.7	100.0
richer	14.2	85.8	100.0
richest	12.3	87.7	100.0
Total	14.1	85.9	100.0

	Provider for newborns's PNC check			
	No check	Doctor	Nurse/Midwife	Total
	%	%	%	%
type of place of residence				
urban	14.0	80.0	6.0	100.0
rural	14.9	76.8	8.4	100.0
Total	14.1	79.6	6.3	100.0

highest educational level				
no education	31.2	61.1	7.7	100.0
primary	20.9	69.7	9.3	100.0
secondary	14.2	79.3	6.4	100.0
higher	12.3	82.0	5.7	100.0
Total	14.1	79.6	6.3	100.0

region				
amman	13.7	82.1	4.2	100.0
balqa	9.4	82.0	8.6	100.0
zarqua	10.1	87.8	2.0	100.0
madaba	26.3	64.9	8.8	100.0
irbid	9.9	83.7	6.4	100.0
mafraq	24.6	64.9	10.5	100.0
jerash	12.3	77.8	9.9	100.0
aljoun	11.2	74.2	14.6	100.0
karak	23.1	72.8	4.1	100.0
tafilh	13.6	75.5	10.9	100.0
maan	21.5	68.6	9.9	100.0
aquaba	24.5	56.2	19.3	100.0
Total	14.1	79.6	6.3	100.0

wealth index combined				
poorest	18.6	73.3	8.2	100.0
poorer	12.7	80.0	7.3	100.0
middle	11.3	82.7	6.0	100.0
richer	14.2	80.5	5.3	100.0
richest	12.3	86.3	1.3	100.0
Total	14.1	79.6	6.3	100.0

