	Live births in past 5 yrs by place of delivery				
	Health facility	Home	Other		Total
	%	%	%	%	%
type of place of residence					
urban	89.5	9.8	0.6	0.0	100.0
rural	52.0	46.8	1.0	0.1	100.0
Total	57.4	41.6	1.0	0.1	100.0

highest educational level					
no education	36.1	62.4	1.2	0.3	100.0
primary	54.0	44.9	1.0	0.1	100.0
secondary	78.8	20.4	0.7	0.0	100.0
higher	94.9	4.7	0.4	0.0	100.0
Total	57.4	41.6	1.0	0.1	100.0

region					
kampala	92.9	6.7	0.4	0.0	100.0
central 1	61.7	37.6	0.8	0.0	100.0
central 2	69.1	30.2	0.6	0.0	100.0
east central	67.1	32.3	0.2	0.4	100.0
eastern	51.2	48.0	0.7	0.0	100.0
north	51.9	47.4	0.7	0.0	100.0
karamoja	27.1	71.3	1.6	0.0	100.0
west-nile	58.7	40.1	0.9	0.4	100.0
western	55.9	43.1	0.7	0.3	100.0
southwest	40.3	56.6	3.0	0.0	100.0
Total	57.4	41.6	1.0	0.1	100.0

wealth index					
poorest	42.2	56.7	1.0	0.0	100.0
poorer	48.9	49.8	1.1	0.2	100.0
middle	54.4	44.6	0.9	0.1	100.0
richer	58.4	40.6	0.8	0.3	100.0
richest	87.7	11.3	0.9	0.0	100.0
Total	57.4	41.6	1.0	0.1	100.0

	Live births in past 5 years by type of health facility					
	Health facility - public	Health facility - private	Home	Other		Total
	%	%	%	%	%	%
type of place of residence						
urban	63.5	26.1	9.8	0.6	0.0	100.0
rural	40.8	11.3	46.8	1.0	0.1	100.0
Total	44.0	13.4	41.6	1.0	0.1	100.0

highest educational level						
no education	26.7	9.5	62.4	1.2	0.3	100.0
primary	43.3	10.7	44.9	1.0	0.1	100.0
secondary	56.8	22.0	20.4	0.7	0.0	100.0
higher	61.0	33.9	4.7	0.4	0.0	100.0
Total	44.0	13.4	41.6	1.0	0.1	100.0

region						
kampala	56.4	36.5	6.7	0.4	0.0	100.0
central 1	38.1	23.6	37.6	0.8	0.0	100.0
central 2	49.4	19.7	30.2	0.6	0.0	100.0
east central	42.8	24.3	32.3	0.2	0.4	100.0
eastern	49.5	1.7	48.0	0.7	0.0	100.0
north	45.7	6.2	47.4	0.7	0.0	100.0
karamoja	25.0	2.1	71.3	1.6	0.0	100.0
west-nile	55.7	3.0	40.1	0.9	0.4	100.0
western	41.9	14.0	43.1	0.7	0.3	100.0
southwest	33.4	7.0	56.6	3.0	0.0	100.0
Total	44.0	13.4	41.6	1.0	0.1	100.0

wealth index						
poorest	37.2	5.0	56.7	1.0	0.0	100.0
poorer	39.1	9.8	49.8	1.1	0.2	100.0
middle	43.6	10.8	44.6	0.9	0.1	100.0
richer	42.7	15.7	40.6	0.8	0.3	100.0
richest	59.7	28.0	11.3	0.9	0.0	100.0
Total	44.0	13.4	41.6	1.0	0.1	100.0

	Person providing assistance during delivery								
	%	%	%	%	%	%	%	%	%
type of place of residence									
urban	0.0	20.5	68.1	1.7	4.8	3.8	0.2	0.9	100.0
rural	0.2	5.0	47.3	1.9	20.5	16.4	0.7	8.1	100.0
Total	0.1	7.2	50.2	1.9	18.3	14.6	0.6	7.0	100.0

highest educational level									
no education	0.3	3.4	34.0	0.9	22.3	26.5	1.1	11.5	100.0
primary	0.1	5.2	49.0	1.9	20.3	15.2	0.6	7.6	100.0
secondary	0.0	12.3	65.3	2.3	11.1	5.8	0.3	2.9	100.0
higher	0.0	32.1	60.9	2.2	2.5	1.5	0.0	0.7	100.0
Total	0.1	7.2	50.2	1.9	18.3	14.6	0.6	7.0	100.0

region									
kampala	0.0	29.5	63.2	1.0	3.7	1.8	0.0	0.7	100.0
central 1	0.0	14.0	45.9	4.4	25.9	6.5	1.0	2.3	100.0
central 2	0.0	4.9	63.4	2.2	14.0	9.4	1.9	4.2	100.0
east central	0.4	3.6	63.1	3.7	9.5	11.2	0.3	8.3	100.0
eastern	0.0	3.1	48.7	0.9	17.4	21.6	0.7	7.7	100.0
north	0.0	4.6	48.5	1.6	37.0	6.3	0.0	2.0	100.0
karamoja	0.0	1.9	28.8	0.1	18.4	46.8	0.6	3.4	100.0
west-nile	0.5	4.1	53.7	2.8	13.8	15.9	0.8	8.4	100.0
western	0.4	6.6	48.8	1.4	20.3	15.6	0.1	6.8	100.0
southwest	0.0	7.1	34.3	0.4	19.1	19.5	0.7	18.9	100.0
Total	0.1	7.2	50.2	1.9	18.3	14.6	0.6	7.0	100.0

wealth index									
poorest	0.1	3.6	39.7	0.9	23.2	24.0	0.7	7.9	100.0
poorer	0.2	3.3	45.2	1.7	22.0	17.4	0.7	9.3	100.0
middle	0.1	4.9	48.4	2.7	17.8	15.4	0.5	10.3	100.0
richer	0.3	6.0	53.1	1.8	21.6	10.8	0.7	5.7	100.0
richest	0.0	19.5	68.0	2.3	5.6	3.0	0.3	1.3	100.0
Total	0.1	7.2	50.2	1.9	18.3	14.6	0.6	7.0	100.0

	Person providing assistance during delivery								
	%	%	%	%	%	%	%	%	%
type of place of residence									
urban	0.0	20.5	68.1	1.7	4.8	3.8	0.2	0.9	100.0
rural	0.2	5.0	47.3	1.9	20.5	16.4	0.7	8.1	100.0
Total	0.1	7.2	50.2	1.9	18.3	14.6	0.6	7.0	100.0

highest educational level									
no education	0.3	3.4	34.0	0.9	22.3	26.5	1.1	11.5	100.0
primary	0.1	5.2	49.0	1.9	20.3	15.2	0.6	7.6	100.0
secondary	0.0	12.3	65.3	2.3	11.1	5.8	0.3	2.9	100.0
higher	0.0	32.1	60.9	2.2	2.5	1.5	0.0	0.7	100.0
Total	0.1	7.2	50.2	1.9	18.3	14.6	0.6	7.0	100.0

region									
kampala	0.0	29.5	63.2	1.0	3.7	1.8	0.0	0.7	100.0
central 1	0.0	14.0	45.9	4.4	25.9	6.5	1.0	2.3	100.0
central 2	0.0	4.9	63.4	2.2	14.0	9.4	1.9	4.2	100.0
east central	0.4	3.6	63.1	3.7	9.5	11.2	0.3	8.3	100.0
eastern	0.0	3.1	48.7	0.9	17.4	21.6	0.7	7.7	100.0
north	0.0	4.6	48.5	1.6	37.0	6.3	0.0	2.0	100.0
karamoja	0.0	1.9	28.8	0.1	18.4	46.8	0.6	3.4	100.0
west-nile	0.5	4.1	53.7	2.8	13.8	15.9	0.8	8.4	100.0
western	0.4	6.6	48.8	1.4	20.3	15.6	0.1	6.8	100.0
southwest	0.0	7.1	34.3	0.4	19.1	19.5	0.7	18.9	100.0
Total	0.1	7.2	50.2	1.9	18.3	14.6	0.6	7.0	100.0

wealth index									
poorest	0.1	3.6	39.7	0.9	23.2	24.0	0.7	7.9	100.0
poorer	0.2	3.3	45.2	1.7	22.0	17.4	0.7	9.3	100.0
middle	0.1	4.9	48.4	2.7	17.8	15.4	0.5	10.3	100.0
richer	0.3	6.0	53.1	1.8	21.6	10.8	0.7	5.7	100.0
richest	0.0	19.5	68.0	2.3	5.6	3.0	0.3	1.3	100.0
Total	0.1	7.2	50.2	1.9	18.3	14.6	0.6	7.0	100.0

	Live births in past 5 yrs delivered by Caesarean		
	Vaginal birth	Caesarean section	Total
	%	%	%
type of place of residence			
urban	86.3	13.7	100.0
rural	96.1	3.9	100.0
Total	94.7	5.3	100.0

highest educational level			
no education	97.4	2.6	100.0
primary	96.0	4.0	100.0
secondary	91.5	8.5	100.0
higher	76.4	23.6	100.0
Total	94.7	5.3	100.0

region			
kampala	82.2	17.8	100.0
central 1	92.2	7.8	100.0
central 2	94.2	5.8	100.0
east central	95.9	4.1	100.0
eastern	97.5	2.5	100.0
north	97.5	2.5	100.0
karamoja	98.9	1.1	100.0
west-nile	95.4	4.6	100.0
western	94.5	5.5	100.0
southwest	95.1	4.9	100.0
Total	94.7	5.3	100.0

wealth index			
poorest	97.8	2.2	100.0
poorer	96.8	3.2	100.0
middle	96.1	3.9	100.0
richer	94.3	5.7	100.0
richest	87.4	12.6	100.0
Total	94.7	5.3	100.0

	rh_del_cestime	
	0	Total
	%	%
type of place of residence		
urban	100.0	100.0
rural	100.0	100.0
Total	100.0	100.0

highest educational level		
no education	100.0	100.0
primary	100.0	100.0
secondary	100.0	100.0
higher	100.0	100.0
Total	100.0	100.0

region		
kampala	100.0	100.0
central 1	100.0	100.0
central 2	100.0	100.0
east central	100.0	100.0
eastern	100.0	100.0
north	100.0	100.0
karamoja	100.0	100.0
west-nile	100.0	100.0
western	100.0	100.0
southwest	100.0	100.0
Total	100.0	100.0

wealth index		
poorest	100.0	100.0
poorer	100.0	100.0
middle	100.0	100.0
richer	100.0	100.0
richest	100.0	100.0
Total	100.0	100.0

	Duration of stay following recent birth							
	<6 hours	6-11 hours	12-23 hours	1-2 days	3+ days	don't know		Total
	%	%	%	%	%	%	%	%
type of place of residence								
urban	14.3	15.4	12.0	39.8	18.3	0.1	0.0	100.0
rural	16.3	14.9	12.5	42.8	13.0	0.2	0.1	100.0
Total	15.8	15.0	12.4	42.1	14.3	0.2	0.1	100.0

highest educational level								
no education	18.3	12.0	8.8	41.4	18.9	0.5	0.2	100.0
primary	14.7	15.8	13.4	43.5	12.1	0.3	0.2	100.0
secondary	17.2	15.2	11.1	42.4	14.0	0.0	0.0	100.0
higher	16.8	11.6	13.9	29.5	28.1	0.0	0.0	100.0
Total	15.8	15.0	12.4	42.1	14.3	0.2	0.1	100.0

region								
kampala	12.4	13.7	12.0	39.3	22.6	0.0	0.0	100.0
central 1	12.8	18.6	15.7	34.6	18.2	0.0	0.0	100.0
central 2	15.5	21.6	11.5	40.3	11.1	0.0	0.0	100.0
east central	26.5	18.2	6.4	40.2	8.0	0.7	0.0	100.0
eastern	12.6	11.5	14.2	52.7	8.5	0.6	0.0	100.0
north	17.2	6.6	9.9	52.1	14.2	0.0	0.1	100.0
karamoja	20.3	2.7	0.8	48.2	25.4	2.2	0.3	100.0
west-nile	16.8	16.0	11.0	38.6	16.1	0.0	1.5	100.0
western	14.8	16.6	16.6	35.5	16.5	0.0	0.0	100.0
southwest	13.1	12.0	15.2	45.2	14.5	0.0	0.0	100.0
Total	15.8	15.0	12.4	42.1	14.3	0.2	0.1	100.0

wealth index								
poorest	14.2	11.4	12.0	44.5	16.6	0.7	0.5	100.0
poorer	19.3	14.2	12.7	42.7	10.9	0.2	0.0	100.0
middle	15.5	16.2	12.5	43.3	12.2	0.1	0.2	100.0
richer	18.0	13.1	12.8	41.7	14.1	0.3	0.1	100.0
richest	13.6	17.7	12.2	40.0	16.5	0.0	0.0	100.0
Total	15.8	15.0	12.4	42.1	14.3	0.2	0.1	100.0

