	Person providing assistance during ANC					
	Doctor	Nurse/midwife	Other health worker	TBA/other/relative	No ANC	Total
	%	%	%	%	%	%
type of place of residence						
urban	22.4	74.4	0.6	0.1	2.4	100.0
rural	10.3	82.4	1.7	1.0	4.6	100.0
Total	12.2	81.1	1.6	0.9	4.3	100.0

highest educational level						
no education	8.4	82.8	1.1	1.8	5.8	100.0
primary	10.5	82.4	1.9	0.8	4.4	100.0
secondary	16.7	78.3	1.0	0.4	3.6	100.0
higher	31.1	67.8	0.5	0.0	0.6	100.0
Total	12.2	81.1	1.6	0.9	4.3	100.0

region						
kampala	27.1	70.1	0.8	0.1	1.9	100.0
central 1	20.0	66.5	1.3	2.6	9.6	100.0
central 2	19.3	73.9	0.9	1.8	4.1	100.0
east central	9.2	80.9	1.1	1.1	7.7	100.0
eastern	7.3	85.1	1.8	0.2	5.5	100.0
north	8.7	89.3	0.7	0.1	1.2	100.0
karamoja	1.9	93.5	1.2	0.9	2.5	100.0
west-nile	5.1	91.7	0.8	0.5	1.9	100.0
western	11.6	79.6	4.6	0.4	3.7	100.0
southwest	10.2	87.3	0.2	1.0	1.4	100.0
Total	12.2	81.1	1.6	0.9	4.3	100.0

wealth index						
poorest	6.3	86.0	1.6	0.4	5.7	100.0
poorer	7.5	85.3	1.7	1.4	4.1	100.0
middle	10.5	81.5	2.3	1.1	4.7	100.0
richer	13.2	80.0	1.2	1.3	4.2	100.0
richest	23.8	72.3	1.0	0.2	2.7	100.0
Total	12.2	81.1	1.6	0.9	4.3	100.0

	Skilled assistance during ANC		
	Unskilled provider	Skilled provider	Total
	%	%	%
type of place of residence			
urban	2.6	97.4	100.0
rural	5.6	94.4	100.0
Total	5.1	94.9	100.0

highest educational level			
no education	7.7	92.3	100.0
primary	5.2	94.8	100.0
secondary	4.0	96.0	100.0
higher	0.6	99.4	100.0
Total	5.1	94.9	100.0

region			
kampala	2.0	98.0	100.0
central 1	12.2	87.8	100.0
central 2	5.9	94.1	100.0
east central	8.8	91.2	100.0
eastern	5.7	94.3	100.0
north	1.3	98.7	100.0
karamoja	3.4	96.6	100.0
west-nile	2.4	97.6	100.0
western	4.1	95.9	100.0
southwest	2.4	97.6	100.0
Total	5.1	94.9	100.0

wealth index			
poorest	6.1	93.9	100.0
poorer	5.5	94.5	100.0
middle	5.7	94.3	100.0
richer	5.5	94.5	100.0
richest	2.9	97.1	100.0
Total	5.1	94.9	100.0

	Number of ANC visits					
	none		2-3	4+	don't know/missing	Total
	%	%	%	%	%	%
type of place of residence						
urban	2.4	2.4	35.7	57.0	2.4	100.0
rural	4.6	4.3	43.7	45.8	1.6	100.0
Total	4.3	4.0	42.4	47.6	1.7	100.0

highest educational level						
no education	5.8	5.6	42.3	44.7	1.6	100.0
primary	4.4	4.1	45.0	45.3	1.3	100.0
secondary	3.6	3.2	37.4	53.5	2.3	100.0
higher	0.6	1.4	27.3	65.4	5.3	100.0
Total	4.3	4.0	42.4	47.6	1.7	100.0

region						
kampala	1.9	1.4	28.4	65.3	3.1	100.0
central 1	9.6	4.5	34.4	47.7	3.8	100.0
central 2	4.1	6.3	38.0	46.6	5.0	100.0
east central	7.7	4.2	42.9	44.5	0.7	100.0
eastern	5.5	4.6	50.8	37.9	1.2	100.0
north	1.2	5.5	49.9	43.3	0.1	100.0
karamoja	2.5	4.2	35.1	55.5	2.6	100.0
west-nile	1.7	1.4	31.0	64.2	1.7	100.0
western	3.7	2.9	45.0	47.7	0.6	100.0
southwest	1.4	3.6	48.8	45.9	0.3	100.0
Total	4.3	4.0	42.4	47.6	1.7	100.0

wealth index						
poorest	5.7	4.5	46.0	42.6	1.3	100.0
poorer	4.1	4.7	47.6	42.6	1.0	100.0
middle	4.6	4.0	46.5	43.8	1.0	100.0
richer	4.2	4.2	39.4	50.5	1.7	100.0
richest	2.7	2.6	32.3	58.8	3.6	100.0
Total	4.3	4.0	42.4	47.6	1.7	100.0

	Number of months pregnant at  time of first ANC visit						
	no anc	<4	4-5	6-7	8+	don't know/missing	Total
	%	%	%	%	%	%	%
type of place of residence							
urban	2.4	23.6	45.2	27.4	1.1	0.2	100.0
rural	4.6	20.2	43.7	27.7	3.5	0.3	100.0
Total	4.3	20.8	43.9	27.7	3.1	0.3	100.0

highest educational level							
no education	5.8	22.4	43.2	24.3	3.8	0.4	100.0
primary	4.4	18.8	44.0	29.3	3.3	0.2	100.0
secondary	3.6	22.7	44.2	26.7	2.2	0.5	100.0
higher	0.6	35.1	43.2	19.6	1.5	0.0	100.0
Total	4.3	20.8	43.9	27.7	3.1	0.3	100.0

region							
kampala	1.9	25.8	44.7	26.3	0.8	0.5	100.0
central 1	9.6	23.2	38.3	27.2	1.5	0.3	100.0
central 2	4.1	15.2	37.0	39.7	3.5	0.5	100.0
east central	7.7	19.3	37.3	30.4	5.3	0.0	100.0
eastern	5.5	11.6	44.0	35.8	2.9	0.3	100.0
north	1.2	23.1	49.5	23.2	2.7	0.3	100.0
karamoja	2.5	34.3	49.0	10.0	4.1	0.1	100.0
west-nile	1.7	31.3	51.6	14.2	0.8	0.4	100.0
western	3.7	19.9	45.7	26.1	4.2	0.3	100.0
southwest	1.4	23.7	47.8	23.1	3.7	0.3	100.0
Total	4.3	20.8	43.9	27.7	3.1	0.3	100.0

wealth index							
poorest	5.7	22.1	45.7	22.6	3.6	0.2	100.0
poorer	4.1	18.5	45.1	29.2	2.9	0.2	100.0
middle	4.6	19.2	42.9	28.6	4.5	0.2	100.0
richer	4.2	20.1	41.8	30.7	2.8	0.4	100.0
richest	2.7	23.6	43.6	27.7	1.8	0.6	100.0
Total	4.3	20.8	43.9	27.7	3.1	0.3	100.0

	%
Total- Median months pregnant at first visit	
5.16	100.0
Total	100.0

Urban- Median months pregnant at first visit	
5.05	100.0
Total	100.0

Rural- Median months pregnant at first visit	
5.18	100.0
Total	100.0

