	Timing after delivery for mother's PNC check							
	no pnc check	<4hr	4-23hrs	1-2 days	3-6 days	7-41 days	dont know/missing	Total
	%	%	%	%	%	%	%	%
type of place of residence								
urban	40.1	35.8	14.9	5.1	0.7	1.9	1.4	100.0
rural	68.1	18.6	7.3	3.3	0.9	1.2	0.7	100.0
Total	64.0	21.1	8.4	3.5	0.9	1.3	0.8	100.0

highest educational level								
no education	77.9	13.3	3.7	3.4	0.9	0.0	0.7	100.0
primary	68.0	17.5	7.8	3.7	0.8	1.3	0.9	100.0
secondary	48.5	33.1	11.7	3.0	1.3	1.9	0.5	100.0
higher	26.9	47.7	16.7	4.3	0.8	2.0	1.5	100.0
Total	64.0	21.1	8.4	3.5	0.9	1.3	0.8	100.0

region								
kampala	33.3	40.5	15.5	5.2	0.8	2.5	2.2	100.0
central 1	57.8	29.0	7.7	2.7	0.8	1.0	1.0	100.0
central 2	57.5	27.9	10.1	1.2	0.7	2.0	0.6	100.0
east central	71.4	18.8	3.5	2.3	0.4	2.2	1.3	100.0
eastern	63.6	22.8	10.1	2.6	0.0	0.5	0.4	100.0
north	65.7	10.3	6.5	11.0	2.8	3.3	0.5	100.0
karamoja	70.3	12.8	10.3	3.6	0.6	0.6	1.8	100.0
west-nile	55.6	29.1	8.8	2.6	1.5	1.3	1.2	100.0
western	69.2	16.9	8.5	3.5	1.8	0.1	0.1	100.0
southwest	79.5	9.4	6.4	3.0	0.3	0.6	0.8	100.0
Total	64.0	21.1	8.4	3.5	0.9	1.3	0.8	100.0

wealth index								
poorest	72.9	12.8	9.1	3.2	0.5	0.8	0.6	100.0
poorer	68.4	18.8	5.9	3.5	1.2	1.3	0.9	100.0
middle	71.6	14.9	8.5	2.3	1.3	0.7	0.7	100.0
richer	63.7	20.5	8.4	4.6	0.9	1.6	0.3	100.0
richest	39.5	41.7	10.4	4.2	0.6	2.1	1.5	100.0
Total	64.0	21.1	8.4	3.5	0.9	1.3	0.8	100.0

	PNC check within two days for mother		
	No Visit w/in 2 days	visit w/in 2 days	Total
	%	%	%
type of place of residence			
urban	44.1	55.9	100.0
rural	70.9	29.1	100.0
Total	67.0	33.0	100.0

highest educational level			
no education	79.5	20.5	100.0
primary	71.0	29.0	100.0
secondary	52.2	47.8	100.0
higher	31.3	68.7	100.0
Total	67.0	33.0	100.0

region			
kampala	38.8	61.2	100.0
central 1	60.6	39.4	100.0
central 2	60.7	39.3	100.0
east central	75.5	24.5	100.0
eastern	64.5	35.5	100.0
north	72.2	27.8	100.0
karamoja	73.2	26.8	100.0
west-nile	59.5	40.5	100.0
western	71.2	28.8	100.0
southwest	81.2	18.8	100.0
Total	67.0	33.0	100.0

wealth index			
poorest	74.9	25.1	100.0
poorer	71.8	28.2	100.0
middle	74.3	25.7	100.0
richer	66.5	33.5	100.0
richest	43.7	56.3	100.0
Total	67.0	33.0	100.0

	Provider for mother's PNC check					
	No check	Doctor	Nurse/Midwife	Other skilled provider	Non-skilled provider	Total
	%	%	%	%	%	%
type of place of residence						
urban	44.1	15.6	39.0	0.5	0.8	100.0
rural	70.9	4.2	21.9	0.4	2.6	100.0
Total	67.0	5.8	24.4	0.4	2.4	100.0

highest educational level						
no education	79.5	4.0	14.8	0.0	1.7	100.0
primary	71.0	4.0	21.9	0.4	2.8	100.0
secondary	52.2	8.4	37.0	0.5	1.8	100.0
higher	31.3	32.5	35.3	0.9	0.0	100.0
Total	67.0	5.8	24.4	0.4	2.4	100.0

region						
kampala	38.8	20.4	38.5	0.8	1.5	100.0
central 1	60.6	8.3	25.8	0.0	5.3	100.0
central 2	60.7	4.7	33.7	0.0	0.8	100.0
east central	75.5	0.9	21.8	0.8	1.1	100.0
eastern	64.5	5.1	26.5	0.7	3.2	100.0
north	72.2	3.3	19.3	1.2	3.9	100.0
karamoja	73.2	1.8	25.0	0.0	0.0	100.0
west-nile	59.5	3.5	30.8	0.3	5.9	100.0
western	71.2	5.9	21.7	0.0	1.2	100.0
southwest	81.2	7.2	10.7	0.0	0.8	100.0
Total	67.0	5.8	24.4	0.4	2.4	100.0

wealth index						
poorest	74.9	3.2	18.9	0.2	2.8	100.0
poorer	71.8	3.3	21.9	0.6	2.4	100.0
middle	74.3	2.7	20.5	0.1	2.4	100.0
richer	66.5	5.8	24.4	0.4	2.8	100.0
richest	43.7	15.8	38.7	0.5	1.4	100.0
Total	67.0	5.8	24.4	0.4	2.4	100.0

	Timing after delivery for newborn's PNC check							
	No check or past 7 days	less than 1 hour	1-3 hours	4 to 23 hours	1-2 days	3-6 days new	dont know/missing	Total
	%	%	%	%	%	%	%	%
type of place of residence								
urban	76.9	5.1	10.2	3.4	2.2	1.9	0.3	100.0
rural	88.0	1.6	3.4	2.1	2.0	2.6	0.2	100.0
Total	86.4	2.1	4.4	2.3	2.0	2.5	0.2	100.0

highest educational level								
no education	87.2	1.7	2.7	1.3	2.2	4.3	0.5	100.0
primary	88.4	1.3	3.3	2.2	2.1	2.5	0.2	100.0
secondary	81.4	4.0	7.4	3.5	1.9	1.7	0.2	100.0
higher	75.4	7.0	12.9	1.6	1.5	1.6	0.0	100.0
Total	86.4	2.1	4.4	2.3	2.0	2.5	0.2	100.0

region								
kampala	68.9	8.3	13.8	4.1	2.8	2.0	0.0	100.0
central 1	88.5	4.9	3.7	1.5	0.5	0.8	0.0	100.0
central 2	90.8	1.0	5.3	1.4	0.0	1.5	0.0	100.0
east central	90.1	1.6	4.7	1.0	1.0	1.2	0.4	100.0
eastern	82.3	1.3	5.6	3.8	3.1	3.6	0.3	100.0
north	84.5	1.7	2.4	5.2	3.8	2.5	0.0	100.0
karamoja	65.4	0.0	5.5	2.3	10.8	16.0	0.0	100.0
west-nile	81.0	1.2	4.7	1.7	3.4	6.5	1.5	100.0
western	89.5	2.0	2.9	2.4	1.5	1.3	0.4	100.0
southwest	98.5	0.6	0.1	0.1	0.4	0.3	0.0	100.0
Total	86.4	2.1	4.4	2.3	2.0	2.5	0.2	100.0

wealth index								
poorest	84.4	1.4	3.9	1.7	3.9	4.3	0.4	100.0
poorer	88.9	1.1	2.1	2.4	2.4	2.8	0.4	100.0
middle	90.7	1.4	2.8	2.5	0.6	1.9	0.0	100.0
richer	89.6	2.0	3.8	1.8	1.2	1.2	0.3	100.0
richest	78.1	5.1	10.0	3.3	1.7	1.8	0.0	100.0
Total	86.4	2.1	4.4	2.3	2.0	2.5	0.2	100.0

	PNC check within two days for newborn		
	No Visit w/in 2 days	visit w/in 2 days	Total
	%	%	%
type of place of residence			
urban	79.1	20.9	100.0
rural	90.9	9.1	100.0
Total	89.2	10.8	100.0

highest educational level			
no education	92.1	7.9	100.0
primary	91.1	8.9	100.0
secondary	83.3	16.7	100.0
higher	77.0	23.0	100.0
Total	89.2	10.8	100.0

region			
kampala	70.9	29.1	100.0
central 1	89.4	10.6	100.0
central 2	92.3	7.7	100.0
east central	91.7	8.3	100.0
eastern	86.2	13.8	100.0
north	87.0	13.0	100.0
karamoja	81.4	18.6	100.0
west-nile	88.9	11.1	100.0
western	91.3	8.7	100.0
southwest	98.8	1.2	100.0
Total	89.2	10.8	100.0

wealth index			
poorest	89.2	10.8	100.0
poorer	92.1	7.9	100.0
middle	92.6	7.4	100.0
richer	91.2	8.8	100.0
richest	80.0	20.0	100.0
Total	89.2	10.8	100.0

	Provider for newborn's PNC check					
	No check	Doctor	Nurse/Midwife	Other skilled provider	Non-skilled provider	Total
	%	%	%	%	%	%
type of place of residence						
urban	79.1	7.0	13.5	0.1	0.2	100.0
rural	90.9	1.2	7.1	0.0	0.7	100.0
Total	89.2	2.1	8.1	0.0	0.6	100.0

highest educational level						
no education	92.1	0.6	6.7	0.0	0.6	100.0
primary	91.1	1.2	6.9	0.1	0.7	100.0
secondary	83.3	3.7	12.5	0.0	0.6	100.0
higher	77.0	14.1	8.8	0.0	0.0	100.0
Total	89.2	2.1	8.1	0.0	0.6	100.0

region						
kampala	70.9	10.6	18.5	0.0	0.0	100.0
central 1	89.4	2.2	7.0	0.1	1.2	100.0
central 2	92.3	0.6	7.1	0.0	0.0	100.0
east central	91.7	0.3	8.1	0.0	0.0	100.0
eastern	86.2	2.7	10.6	0.0	0.5	100.0
north	87.0	1.4	9.5	0.2	1.9	100.0
karamoja	81.4	0.6	16.5	0.1	1.3	100.0
west-nile	88.9	0.0	9.5	0.0	1.6	100.0
western	91.3	3.4	5.0	0.0	0.3	100.0
southwest	98.8	0.5	0.4	0.0	0.3	100.0
Total	89.2	2.1	8.1	0.0	0.6	100.0

wealth index						
poorest	89.2	1.0	8.7	0.1	0.9	100.0
poorer	92.1	0.9	6.5	0.0	0.6	100.0
middle	92.6	0.2	6.5	0.0	0.8	100.0
richer	91.2	1.7	6.7	0.0	0.5	100.0
richest	80.0	7.3	12.4	0.1	0.2	100.0
Total	89.2	2.1	8.1	0.0	0.6	100.0

