	Circumcised among women age 15-49		
	No	Yes	Total
	%	%	%
age in 5-year groups			
15-19	52.9	47.1	100.0
20-24	41.4	58.6	100.0
25-29	32.4	67.6	100.0
30-34	23.1	76.9	100.0
35-39	25.4	74.6	100.0
40-44	27.4	72.6	100.0
45-49	21.3	78.7	100.0
Total	34.8	65.2	100.0

type of place of residence			
urban	46.1	53.9	100.0
rural	31.6	68.4	100.0
Total	34.8	65.2	100.0

highest educational level			
no education	27.1	72.9	100.0
primary	38.0	62.0	100.0
secondary	50.1	49.9	100.0
higher	49.4	50.6	100.0
Total	34.8	65.2	100.0

region			
tigray	75.8	24.2	100.0
afar	8.8	91.2	100.0
amhara	38.3	61.7	100.0
oromia	24.4	75.6	100.0
somali	1.5	98.5	100.0
benishangul	37.1	62.9	100.0
snnpr	38.0	62.0	100.0
gambela	67.0	33.0	100.0
harari	18.3	81.7	100.0
addis adaba	46.0	54.0	100.0
dire dawa	24.7	75.3	100.0
Total	34.8	65.2	100.0

wealth index combined			
poorest	34.8	65.2	100.0
poorer	33.8	66.2	100.0
middle	28.6	71.4	100.0
richer	30.5	69.5	100.0
richest	43.3	56.7	100.0
Total	34.8	65.2	100.0

	Type of female circumcision among women age 15-49				
	No flesh removed	Flesh removed	Sewn closed	Don't know/missing	Total
	%	%	%	%	%
age in 5-year groups					
15-19	2.8	65.1	7.4	24.7	100.0
20-24	2.8	73.3	6.8	17.1	100.0
25-29	2.2	75.1	5.7	17.1	100.0
30-34	2.0	80.0	5.1	12.9	100.0
35-39	2.7	71.1	6.5	19.6	100.0
40-44	3.5	72.1	8.0	16.5	100.0
45-49	2.4	70.8	8.3	18.5	100.0
Total	2.6	73.0	6.5	17.9	100.0

type of place of residence					
urban	4.5	64.3	8.4	22.8	100.0
rural	2.1	74.9	6.1	16.9	100.0
Total	2.6	73.0	6.5	17.9	100.0

highest educational level					
no education	2.3	72.6	8.0	17.1	100.0
primary	2.6	75.0	4.9	17.5	100.0
secondary	4.0	69.5	4.4	22.2	100.0
higher	2.7	69.0	5.0	23.3	100.0
Total	2.6	73.0	6.5	17.9	100.0

region					
tigray	9.9	43.3	7.1	39.7	100.0
afar	7.2	24.1	63.6	5.0	100.0
amhara	1.8	55.1	2.8	40.2	100.0
oromia	2.0	83.8	1.6	12.6	100.0
somali	1.7	24.7	73.1	0.5	100.0
benishangul	5.9	66.2	3.2	24.7	100.0
snnpr	2.8	88.7	4.3	4.1	100.0
gambela	6.6	43.7	4.8	44.9	100.0
harari	0.6	92.2	4.5	2.7	100.0
addis adaba	5.1	65.4	1.4	28.0	100.0
dire dawa	3.3	78.1	10.1	8.5	100.0
Total	2.6	73.0	6.5	17.9	100.0

wealth index combined					
poorest	3.3	66.3	19.5	10.9	100.0
poorer	2.1	70.5	4.0	23.4	100.0
middle	1.2	80.4	3.3	15.0	100.0
richer	2.2	76.2	2.3	19.3	100.0
richest	3.9	69.8	6.1	20.2	100.0
Total	2.6	73.0	6.5	17.9	100.0

	Age at circumcision among women age 15-49					
	<5	5-19	10-14	15+	Don't know/missing	Total
	%	%	%	%	%	%
age in 5-year groups						
15-19	51.6	22.5	19.3	1.9	4.7	100.0
20-24	44.0	22.1	17.8	10.7	5.4	100.0
25-29	44.7	24.1	20.0	5.9	5.4	100.0
30-34	45.3	20.9	18.2	6.6	9.0	100.0
35-39	52.3	21.5	15.7	6.1	4.4	100.0
40-44	50.2	19.1	20.4	4.8	5.5	100.0
45-49	59.2	19.1	12.0	4.3	5.4	100.0
Total	48.6	21.7	18.0	5.9	5.8	100.0

type of place of residence						
urban	59.2	20.2	10.8	2.2	7.6	100.0
rural	46.2	22.1	19.6	6.7	5.4	100.0
Total	48.6	21.7	18.0	5.9	5.8	100.0

highest educational level						
no education	48.8	21.1	17.8	5.7	6.6	100.0
primary	44.8	23.2	20.1	7.5	4.5	100.0
secondary	52.7	20.2	15.6	3.7	7.8	100.0
higher	64.6	21.8	10.4	1.4	1.9	100.0
Total	48.6	21.7	18.0	5.9	5.8	100.0

region						
tigray	93.0	1.1	0.0	0.5	5.4	100.0
afar	89.5	4.6	3.2	0.2	2.5	100.0
amhara	92.0	3.6	0.9	0.6	3.0	100.0
oromia	31.8	27.4	23.4	8.5	9.0	100.0
somali	12.8	61.3	23.8	0.4	1.7	100.0
benishangul	76.5	10.4	5.6	3.0	4.5	100.0
snnpr	30.6	25.9	30.6	10.2	2.7	100.0
gambela	63.4	17.6	6.8	2.3	9.9	100.0
harari	13.0	51.4	28.0	1.1	6.6	100.0
addis adaba	69.3	16.8	5.4	0.4	8.2	100.0
dire dawa	39.5	22.5	28.8	4.0	5.2	100.0
Total	48.6	21.7	18.0	5.9	5.8	100.0

wealth index combined						
poorest	42.9	26.5	16.8	8.8	5.1	100.0
poorer	45.1	21.2	21.7	6.7	5.3	100.0
middle	46.3	22.1	21.0	4.8	5.9	100.0
richer	50.8	17.2	19.2	7.2	5.6	100.0
richest	55.7	22.5	12.0	3.0	6.8	100.0
Total	48.6	21.7	18.0	5.9	5.8	100.0

Person who performed the circumcision among women age 15-49	%
traditional circumciser	87.3
traditional birth attendant	2.6
other traditional agent	0.2
doctor	0.1
nurse/midwife	0.6
other health professional	0.4
don't know/missing	8.9
Total	100.0

Female cirucumcision type is sewn close among women age 15-49	%
no	86.8
yes	6.5
don't know	6.6
Total	100.0

