	Opinion on whether female circumcision is required by their religion				
	no	yes	no religion	don't know	Total
	Among women	Among women	Among women	Among women	Among women
age in 5-year groups					
15-19	78.5	19.0	0.1	2.4	100.0
20-24	75.7	20.1	0.3	3.9	100.0
25-29	72.8	23.1	0.6	3.6	100.0
30-34	69.2	25.5	0.7	4.5	100.0
35-39	70.4	25.9	0.1	3.6	100.0
40-44	65.9	27.2	0.4	6.5	100.0
45-49	59.2	34.0	0.6	6.2	100.0
Total	72.1	23.6	0.4	3.9	100.0

type of place of residence					
urban	86.2	10.3	0.6	2.9	100.0
rural	67.9	27.6	0.3	4.2	100.0
Total	72.1	23.6	0.4	3.9	100.0

highest educational level					
no education	63.3	31.2	0.5	5.1	100.0
primary	74.4	21.9	0.4	3.3	100.0
secondary	89.3	8.2	0.1	2.4	100.0
higher	91.6	6.1	0.2	2.1	100.0
Total	72.1	23.6	0.4	3.9	100.0

region					
tigray	68.8	20.1	0.5	10.7	100.0
afar	35.4	61.7	0.0	2.9	100.0
amhara	70.8	22.0	0.6	6.6	100.0
oromia	70.0	27.2	0.2	2.6	100.0
somali	41.5	57.0	0.1	1.4	100.0
benishangul	82.3	14.9	1.2	1.6	100.0
snnpr	79.5	18.1	0.4	2.0	100.0
gambela	82.9	14.7	0.4	2.1	100.0
harari	66.0	31.1	0.1	2.8	100.0
addis adaba	89.6	6.2	0.5	3.7	100.0
dire dawa	61.6	36.4	0.0	2.0	100.0
Total	72.1	23.6	0.4	3.9	100.0

wealth index combined					
poorest	55.4	39.3	0.4	4.9	100.0
poorer	67.5	28.3	0.2	4.0	100.0
middle	71.3	24.8	0.0	3.9	100.0
richer	72.1	22.4	0.7	4.8	100.0
richest	85.1	11.7	0.5	2.8	100.0
Total	72.1	23.6	0.4	3.9	100.0

	Opinion on whether female circumcision should continue				
	continued	stopped	depends	don't know	Total
	Among women	Among women	Among women	Among women	Among women
age in 5-year groups					
15-19	13.6	85.1	0.0	1.3	100.0
20-24	14.8	83.1	1.0	1.1	100.0
25-29	19.1	76.9	1.8	2.2	100.0
30-34	18.9	77.0	1.1	3.0	100.0
35-39	21.4	75.0	2.0	1.6	100.0
40-44	16.5	80.3	1.9	1.3	100.0
45-49	21.7	71.2	3.5	3.6	100.0
Total	17.5	79.3	1.4	1.9	100.0

type of place of residence					
urban	7.3	91.4	0.6	0.7	100.0
rural	20.5	75.7	1.6	2.2	100.0
Total	17.5	79.3	1.4	1.9	100.0

highest educational level					
no education	24.9	69.6	2.3	3.1	100.0
primary	14.6	83.7	0.7	1.0	100.0
secondary	5.3	94.3	0.0	0.4	100.0
higher	1.2	98.5	0.3	0.0	100.0
Total	17.5	79.3	1.4	1.9	100.0

region					
tigray	7.9	88.5	0.7	2.8	100.0
afar	54.8	44.0	0.3	0.9	100.0
amhara	16.7	77.4	2.3	3.6	100.0
oromia	19.2	77.7	1.6	1.6	100.0
somali	52.2	47.3	0.4	0.1	100.0
benishangul	9.7	89.2	0.0	1.0	100.0
snnpr	15.6	82.8	0.7	0.9	100.0
gambela	7.6	89.8	1.0	1.6	100.0
harari	15.9	81.3	1.4	1.4	100.0
addis adaba	3.7	95.4	0.1	0.7	100.0
dire dawa	24.2	72.5	1.9	1.4	100.0
Total	17.5	79.3	1.4	1.9	100.0

wealth index combined					
poorest	33.6	62.2	1.4	2.8	100.0
poorer	21.7	73.7	2.3	2.3	100.0
middle	17.8	79.2	1.3	1.7	100.0
richer	14.4	82.1	2.0	1.6	100.0
richest	7.5	90.7	0.3	1.4	100.0
Total	17.5	79.3	1.4	1.9	100.0

	Opinion on whether female circumcision is required by their religion				
	no	yes	no religion	don't know	Total
	Among men	Among men	Among men	Among men	Among men
age in 5-year groups					
15-19	76.3	16.0	0.3	7.5	100.0
20-24	78.4	13.7	0.2	7.7	100.0
25-29	78.4	17.1	0.2	4.3	100.0
30-34	79.5	14.9	0.3	5.3	100.0
35-39	77.5	18.3	0.3	4.0	100.0
40-44	74.8	19.7	0.4	5.2	100.0
45-49	74.4	21.4	0.0	4.1	100.0
Total	77.3	16.8	0.2	5.7	100.0

type of place of residence					
urban	81.6	11.5	0.1	6.8	100.0
rural	76.2	18.2	0.3	5.4	100.0
Total	77.3	16.8	0.2	5.7	100.0

educational level					
no education	69.0	24.0	0.2	6.8	100.0
primary	78.7	15.7	0.2	5.4	100.0
secondary	81.9	12.7	0.5	4.9	100.0
higher	85.7	8.7	0.2	5.4	100.0
Total	77.3	16.8	0.2	5.7	100.0

region					
tigray	72.5	18.3	0.2	9.0	100.0
afar	56.4	40.4	1.4	1.9	100.0
amhara	68.7	24.3	0.0	7.0	100.0
oromia	78.9	15.2	0.2	5.7	100.0
somali	49.4	41.7	0.1	8.8	100.0
benishangul	71.2	23.2	0.2	5.5	100.0
snnpr	90.0	6.8	0.7	2.5	100.0
gambela	88.0	7.1	0.7	4.3	100.0
harari	60.1	36.2	0.0	3.6	100.0
addis adaba	85.0	8.3	0.0	6.7	100.0
dire dawa	58.6	31.2	0.3	9.9	100.0
Total	77.3	16.8	0.2	5.7	100.0

wealth index combined					
poorest	69.0	23.2	0.3	7.4	100.0
poorer	73.1	21.1	0.1	5.7	100.0
middle	77.5	17.6	0.1	4.7	100.0
richer	80.4	14.6	0.4	4.7	100.0
richest	82.4	11.2	0.2	6.1	100.0
Total	77.3	16.8	0.2	5.7	100.0

	Opinion on whether female circumcision should continue				
	continued	stopped	depends	don't know	Total
	Among men	Among men	Among men	Among men	Among men
age in 5-year groups					
15-19	10.4	86.8	0.8	2.0	100.0
20-24	9.8	86.7	0.9	2.6	100.0
25-29	11.2	87.3	0.4	1.0	100.0
30-34	10.8	87.3	1.1	0.9	100.0
35-39	12.1	85.6	1.0	1.3	100.0
40-44	9.8	88.4	0.8	1.0	100.0
45-49	15.5	82.8	0.7	1.1	100.0
Total	11.1	86.7	0.8	1.5	100.0

type of place of residence					
urban	6.0	92.8	0.4	0.8	100.0
rural	12.4	85.0	0.9	1.7	100.0
Total	11.1	86.7	0.8	1.5	100.0

educational level					
no education	18.8	77.9	1.1	2.2	100.0
primary	10.3	87.2	0.8	1.7	100.0
secondary	4.9	94.4	0.5	0.2	100.0
higher	3.3	95.6	0.7	0.4	100.0
Total	11.1	86.7	0.8	1.5	100.0

region					
tigray	13.0	81.7	2.1	3.2	100.0
afar	36.0	62.3	1.1	0.7	100.0
amhara	18.8	78.1	0.7	2.3	100.0
oromia	7.7	90.1	0.9	1.3	100.0
somali	34.2	65.1	0.2	0.5	100.0
benishangul	12.1	86.7	0.3	0.8	100.0
snnpr	5.0	93.7	0.5	0.8	100.0
gambela	5.5	92.1	1.0	1.3	100.0
harari	22.0	75.0	1.6	1.4	100.0
addis adaba	3.1	96.0	0.2	0.7	100.0
dire dawa	17.6	78.6	1.0	2.8	100.0
Total	11.1	86.7	0.8	1.5	100.0

wealth index combined					
poorest	18.8	77.9	1.1	2.2	100.0
poorer	14.2	83.4	1.0	1.4	100.0
middle	12.8	84.4	1.0	1.8	100.0
richer	8.6	89.3	0.6	1.6	100.0
richest	5.2	93.4	0.5	0.8	100.0
Total	11.1	86.7	0.8	1.5	100.0

